***** Paste from UVA Problem list for Beginner *****


100
101
102
103
105
106
113
118
119
121
123
128
136
142
145
146
154
155
156
160
187
195
220
227
232
256
271
272
291
294
297
299
300
311
324
325
331
333
335
340
344
349
353
355
369
371
374
380
382
384
392
394
401
406
408
409
412
413
414
417
434
442
443
444
445
446
447
450
455
457
458
460
466
468
474
482
483
484
486
488
489
492
494
495
496
499
537
541
542
551
562
573
574
575
576
586
587
591
602
608
612
613
616
617
620
621
642
654
656
661
668
671
673
694
729
739
755
837
900
1124
1585
1586
10008
10015
10017
10018
10019
10025
10035
10038
10041
10045
10050
10055
10057
10070
10071
10079
10082
10102
10110
10126
10161
10170
10176
10182
10189
10222
10235
10260
10281
10293
10300
10302
10305
10327
10338
10340
10346
10347
10361
10370
10407
10409
10424
10469
10474
10487
10489
10494
10499
10591
10633
10673
10696
10783
10784
10812
10921
10924
10931
10935
10940
10945
10970
11000
11044
11057
11059
11062
11063
11068
11074
11083
11148
11150
11152
11172
11185
11192
11219
11233
11332
11364
11388
11417
11428
11455
11461
11462
11479
11498
11526
11530
11541
11547
11559
11577
11636
11650
11677
11689
11713
11715
11716
11727
11734
11743
11764
11777
11799
11805
11834
11854
11875
11879
11900
11934
11946
11970
11984
12060
12149
12279
12289
12293
12342
12372
12403
12463
12468
12577
12578
12646
12700
12704